[113, 1]
[113, 2]
[113, 3]
[113, 8]
[113, 9]
[113, 10]
[113, 11]
[113, 12]
[113, 14]
[113, 15]
[113, 40]
[113, 41]
[113, 42]
[113, 43]
[113, 44]
[113, 46]
[113, 47]
[113, 48]
[113, 50]
[113, 51]
[113, 52]
[113, 53]
[113, 54]
[113, 55]
[113, 56]
[113, 57]
[113, 58]
[113, 59]
[113, 60]
[113, 62]
[113, 63]
[113, 64]
[113, 66]
[113, 80]
[113, 82]
[113, 84]
[113, 85]
[113, 86]
[113, 87]
[113, 89]
[113, 108]
[113, 109]
[113, 110]
[113, 111]
[113, 139]
[113, 140]
[113, 141]
[113, 142]
[113, 143]
[113, 181]
[113, 182]
[113, 183]
[113, 184]
[113, 185]
[113, 187]
[113, 212]
[113, 213]
[113, 214]
[113, 215]
[114, 0]
[114, 1]
[114, 3]
[114, 8]
[114, 9]
[114, 10]
[114, 11]
[114, 12]
[114, 13]
[114, 14]
[114, 15]
[114, 40]
[114, 41]
[114, 42]
[114, 43]
[114, 44]
[114, 45]
[114, 47]
[114, 48]
[114, 49]
[114, 51]
[114, 52]
[114, 54]
[114, 55]
[114, 56]
[114, 58]
[114, 59]
[114, 60]
[114, 61]
[114, 62]
[114, 64]
[114, 67]
[114, 80]
[114, 81]
[114, 82]
[114, 83]
[114, 84]
[114, 85]
[114, 86]
[114, 87]
[114, 88]
[114, 90]
[114, 91]
[114, 108]
[114, 109]
[114, 110]
[114, 111]
[114, 141]
[114, 142]
[114, 143]
[114, 180]
[114, 182]
[114, 183]
[114, 184]
[114, 185]
[114, 186]
[114, 187]
[114, 212]
[114, 214]
[114, 215]
[114, 224]
[115, 0]
[115, 2]
[115, 3]
[115, 8]
[115, 9]
[115, 10]
[115, 11]
[115, 12]
[115, 13]
[115, 14]
[115, 40]
[115, 41]
[115, 42]
[115, 43]
[115, 56]
[115, 57]
[115, 58]
[115, 59]
[115, 60]
[115, 61]
[115, 62]
[115, 63]
[115, 64]
[115, 66]
[115, 84]
[115, 86]
[115, 87]
[115, 88]
[115, 89]
[115, 91]
[115, 108]
[115, 109]
[115, 110]
[115, 111]
[115, 139]
[115, 140]
[115, 141]
[115, 142]
[115, 143]
[115, 180]
[115, 182]
[115, 183]
[115, 213]
[115, 214]
[115, 224]
[116, 0]
[116, 1]
[116, 3]
[116, 9]
[116, 10]
[116, 11]
[116, 12]
[116, 13]
[116, 14]
[116, 15]
[116, 41]
[116, 43]
[116, 56]
[116, 57]
[116, 58]
[116, 59]
[116, 60]
[116, 61]
[116, 62]
[116, 63]
[116, 64]
[116, 66]
[116, 67]
[116, 84]
[116, 86]
[116, 87]
[116, 88]
[116, 89]
[116, 90]
[116, 108]
[116, 109]
[116, 111]
[116, 140]
[116, 141]
[116, 142]
[116, 143]
[116, 180]
[116, 181]
[116, 182]
[116, 183]
[116, 212]
[116, 214]
[116, 215]
[116, 224]
[117, 0]
[117, 1]
[117, 2]
[117, 3]
[117, 8]
[117, 9]
[117, 10]
[117, 11]
[117, 13]
[117, 15]
[117, 39]
[117, 40]
[117, 41]
[117, 42]
[117, 58]
[117, 59]
[117, 60]
[117, 61]
[117, 62]
[117, 63]
[117, 64]
[117, 66]
[117, 67]
[117, 84]
[117, 86]
[117, 87]
[117, 88]
[117, 89]
[117, 90]
[117, 91]
[117, 109]
[117, 110]
[117, 111]
[117, 136]
[117, 137]
[117, 139]
[117, 140]
[117, 141]
[117, 142]
[117, 143]
[117, 180]
[117, 181]
[117, 182]
[117, 183]
[117, 212]
[117, 214]
[117, 215]
[117, 224]
[118, 0]
[118, 3]
[118, 8]
[118, 9]
[118, 10]
[118, 11]
[118, 12]
[118, 13]
[118, 14]
[118, 15]
[118, 40]
[118, 41]
[118, 42]
[118, 43]
[118, 59]
[118, 60]
[118, 61]
[118, 62]
[118, 63]
[118, 64]
[118, 65]
[118, 66]
[118, 67]
[118, 84]
[118, 86]
[118, 88]
[118, 89]
[118, 90]
[118, 91]
[118, 107]
[118, 108]
[118, 109]
[118, 110]
[118, 111]
[118, 136]
[118, 138]
[118, 140]
[118, 141]
[118, 143]
[118, 180]
[118, 181]
[118, 182]
[118, 183]
[118, 184]
[118, 212]
[118, 213]
[118, 214]
[118, 215]
[118, 224]
[119, 0]
[119, 1]
[119, 2]
[119, 8]
[119, 10]
[119, 11]
[119, 12]
[119, 39]
[119, 40]
[119, 41]
[119, 42]
[119, 63]
[119, 64]
[119, 65]
[119, 66]
[119, 67]
[119, 88]
[119, 89]
[119, 90]
[119, 91]
[119, 106]
[119, 107]
[119, 108]
[119, 109]
[119, 110]
[119, 111]
[119, 136]
[119, 137]
[119, 139]
[119, 140]
[119, 141]
[119, 142]
[119, 143]
[119, 181]
[119, 182]
[119, 183]
[119, 212]
[119, 213]
[119, 214]
[119, 215]
[119, 223]
[119, 224]
[120, 0]
[120, 1]
[120, 2]
[120, 3]
[120, 9]
[120, 10]
[120, 11]
[120, 12]
[120, 40]
[120, 42]
[120, 43]
[120, 64]
[120, 65]
[120, 66]
[120, 67]
[120, 88]
[120, 89]
[120, 90]
[120, 91]
[120, 108]
[120, 109]
[120, 111]
[120, 136]
[120, 137]
[120, 138]
[120, 139]
[120, 140]
[120, 141]
[120, 142]
[120, 143]
[120, 180]
[120, 181]
[120, 182]
[120, 183]
[120, 213]
[120, 214]
[120, 223]
[120, 224]
[121, 0]
[121, 1]
[121, 2]
[121, 3]
[121, 8]
[121, 9]
[121, 10]
[121, 11]
[121, 12]
[121, 36]
[121, 37]
[121, 38]
[121, 40]
[121, 41]
[121, 42]
[121, 43]
[121, 64]
[121, 65]
[121, 66]
[121, 67]
[121, 89]
[121, 90]
[121, 91]
[121, 92]
[121, 93]
[121, 95]
[121, 104]
[121, 107]
[121, 108]
[121, 109]
[121, 110]
[121, 136]
[121, 137]
[121, 139]
[121, 142]
[121, 143]
[121, 180]
[121, 181]
[121, 182]
[121, 183]
[121, 212]
[121, 213]
[121, 214]
[121, 224]
[122, 0]
[122, 1]
[122, 2]
[122, 3]
[122, 8]
[122, 9]
[122, 10]
[122, 11]
[122, 36]
[122, 37]
[122, 39]
[122, 40]
[122, 41]
[122, 42]
[122, 43]
[122, 64]
[122, 65]
[122, 66]
[122, 67]
[122, 88]
[122, 89]
[122, 90]
[122, 91]
[122, 92]
[122, 93]
[122, 94]
[122, 106]
[122, 107]
[122, 108]
[122, 109]
[122, 110]
[122, 111]
[122, 136]
[122, 138]
[122, 139]
[122, 140]
[122, 141]
[122, 142]
[122, 143]
[122, 180]
[122, 181]
[122, 182]
[122, 183]
[122, 213]
[122, 214]
[122, 215]
[122, 224]
[123, 0]
[123, 1]
[123, 3]
[123, 8]
[123, 9]
[123, 10]
[123, 11]
[123, 36]
[123, 37]
[123, 38]
[123, 39]
[123, 40]
[123, 41]
[123, 42]
[123, 43]
[123, 65]
[123, 66]
[123, 67]
[123, 68]
[123, 88]
[123, 90]
[123, 91]
[123, 92]
[123, 93]
[123, 94]
[123, 95]
[123, 104]
[123, 105]
[123, 106]
[123, 107]
[123, 108]
[123, 109]
[123, 110]
[123, 111]
[123, 136]
[123, 139]
[123, 140]
[123, 180]
[123, 181]
[123, 182]
[123, 183]
[123, 211]
[123, 212]
[123, 213]
[123, 214]
[123, 215]
[123, 223]
[123, 224]
[124, 0]
[124, 1]
[124, 3]
[124, 8]
[124, 9]
[124, 10]
[124, 36]
[124, 37]
[124, 39]
[124, 40]
[124, 43]
[124, 65]
[124, 66]
[124, 67]
[124, 88]
[124, 89]
[124, 90]
[124, 91]
[124, 92]
[124, 93]
[124, 94]
[124, 95]
[124, 104]
[124, 105]
[124, 106]
[124, 107]
[124, 109]
[124, 110]
[124, 136]
[124, 138]
[124, 139]
[124, 140]
[124, 180]
[124, 181]
[124, 182]
[124, 183]
[124, 212]
[124, 213]
[124, 214]
[124, 215]
[124, 223]
[124, 224]
[125, 0]
[125, 2]
[125, 3]
[125, 8]
[125, 9]
[125, 10]
[125, 36]
[125, 37]
[125, 38]
[125, 39]
[125, 40]
[125, 41]
[125, 42]
[125, 43]
[125, 65]
[125, 66]
[125, 67]
[125, 68]
[125, 88]
[125, 89]
[125, 90]
[125, 91]
[125, 92]
[125, 93]
[125, 105]
[125, 106]
[125, 107]
[125, 108]
[125, 109]
[125, 137]
[125, 138]
[125, 180]
[125, 181]
[125, 183]
[125, 209]
[125, 211]
[125, 212]
[125, 213]
[125, 215]
[125, 220]
[125, 221]
[125, 222]
[125, 223]
[125, 224]
[126, 0]
[126, 1]
[126, 2]
[126, 3]
[126, 8]
[126, 9]
[126, 10]
[126, 11]
[126, 36]
[126, 37]
[126, 38]
[126, 39]
[126, 40]
[126, 41]
[126, 42]
[126, 64]
[126, 65]
[126, 66]
[126, 67]
[126, 88]
[126, 89]
[126, 90]
[126, 91]
[126, 92]
[126, 93]
[126, 94]
[126, 95]
[126, 104]
[126, 105]
[126, 106]
[126, 107]
[126, 109]
[126, 110]
[126, 136]
[126, 137]
[126, 138]
[126, 139]
[126, 179]
[126, 180]
[126, 181]
[126, 182]
[126, 183]
[126, 208]
[126, 210]
[126, 211]
[126, 212]
[126, 214]
[126, 215]
[126, 221]
[126, 224]
[127, 0]
[127, 1]
[127, 2]
[127, 8]
[127, 9]
[127, 10]
[127, 36]
[127, 37]
[127, 38]
[127, 39]
[127, 40]
[127, 64]
[127, 65]
[127, 66]
[127, 67]
[127, 90]
[127, 92]
[127, 93]
[127, 94]
[127, 95]
[127, 104]
[127, 105]
[127, 106]
[127, 107]
[127, 108]
[127, 136]
[127, 138]
[127, 139]
[127, 179]
[127, 180]
[127, 181]
[127, 182]
[127, 183]
[127, 210]
[127, 211]
[127, 212]
[127, 213]
[127, 214]
[127, 215]
[127, 220]
[127, 221]
[127, 222]
[127, 223]
[127, 224]
[128, 0]
[128, 1]
[128, 2]
[128, 3]
[128, 7]
[128, 8]
[128, 9]
[128, 10]
[128, 36]
[128, 37]
[128, 38]
[128, 39]
[128, 64]
[128, 65]
[128, 66]
[128, 67]
[128, 68]
[128, 91]
[128, 92]
[128, 93]
[128, 104]
[128, 105]
[128, 106]
[128, 107]
[128, 137]
[128, 138]
[128, 139]
[128, 180]
[128, 181]
[128, 182]
[128, 183]
[128, 208]
[128, 209]
[128, 210]
[128, 211]
[128, 212]
[128, 213]
[128, 214]
[128, 215]
[128, 220]
[128, 221]
[128, 223]
[128, 224]
[129, 0]
[129, 1]
[129, 2]
[129, 3]
[129, 4]
[129, 5]
[129, 7]
[129, 8]
[129, 9]
[129, 36]
[129, 37]
[129, 38]
[129, 65]
[129, 66]
[129, 67]
[129, 92]
[129, 93]
[129, 104]
[129, 105]
[129, 106]
[129, 107]
[129, 136]
[129, 137]
[129, 138]
[129, 176]
[129, 177]
[129, 178]
[129, 179]
[129, 180]
[129, 181]
[129, 183]
[129, 208]
[129, 210]
[129, 211]
[129, 212]
[129, 213]
[129, 215]
[129, 220]
[129, 221]
[129, 222]
[129, 223]
[129, 224]
[130, 0]
[130, 1]
[130, 2]
[130, 3]
[130, 7]
[130, 8]
[130, 11]
[130, 36]
[130, 37]
[130, 38]
[130, 39]
[130, 64]
[130, 65]
[130, 66]
[130, 67]
[130, 68]
[130, 92]
[130, 93]
[130, 95]
[130, 105]
[130, 106]
[130, 107]
[130, 136]
[130, 137]
[130, 138]
[130, 177]
[130, 178]
[130, 179]
[130, 180]
[130, 181]
[130, 182]
[130, 183]
[130, 208]
[130, 209]
[130, 211]
[130, 212]
[130, 214]
[130, 215]
[130, 220]
[130, 221]
[130, 222]
[130, 223]
[130, 224]
[131, 1]
[131, 2]
[131, 3]
[131, 4]
[131, 5]
[131, 6]
[131, 7]
[131, 8]
[131, 10]
[131, 11]
[131, 36]
[131, 37]
[131, 38]
[131, 39]
[131, 64]
[131, 65]
[131, 66]
[131, 67]
[131, 92]
[131, 95]
[131, 104]
[131, 105]
[131, 106]
[131, 107]
[131, 136]
[131, 137]
[131, 176]
[131, 177]
[131, 178]
[131, 179]
[131, 180]
[131, 181]
[131, 183]
[131, 208]
[131, 209]
[131, 211]
[131, 212]
[131, 220]
[131, 222]
[131, 223]
[132, 0]
[132, 1]
[132, 2]
[132, 3]
[132, 4]
[132, 5]
[132, 6]
[132, 7]
[132, 8]
[132, 9]
[132, 10]
[132, 11]
[132, 36]
[132, 37]
[132, 38]
[132, 39]
[132, 64]
[132, 65]
[132, 66]
[132, 67]
[132, 92]
[132, 104]
[132, 105]
[132, 106]
[132, 107]
[132, 135]
[132, 136]
[132, 137]
[132, 138]
[132, 176]
[132, 179]
[132, 183]
[132, 208]
[132, 209]
[132, 210]
[132, 211]
[132, 212]
[132, 220]
[132, 221]
[132, 222]
[132, 223]
[132, 224]
[133, 1]
[133, 3]
[133, 4]
[133, 5]
[133, 6]
[133, 7]
[133, 8]
[133, 11]
[133, 36]
[133, 37]
[133, 38]
[133, 39]
[133, 40]
[133, 41]
[133, 42]
[133, 43]
[133, 60]
[133, 61]
[133, 62]
[133, 63]
[133, 64]
[133, 65]
[133, 66]
[133, 67]
[133, 91]
[133, 93]
[133, 95]
[133, 104]
[133, 105]
[133, 134]
[133, 135]
[133, 136]
[133, 137]
[133, 138]
[133, 139]
[133, 176]
[133, 177]
[133, 178]
[133, 179]
[133, 180]
[133, 181]
[133, 208]
[133, 209]
[133, 210]
[133, 211]
[133, 220]
[133, 221]
[133, 222]
[133, 223]
[133, 224]
[134, 1]
[134, 2]
[134, 3]
[134, 5]
[134, 6]
[134, 7]
[134, 8]
[134, 9]
[134, 10]
[134, 11]
[134, 36]
[134, 37]
[134, 38]
[134, 39]
[134, 41]
[134, 42]
[134, 43]
[134, 44]
[134, 46]
[134, 47]
[134, 60]
[134, 62]
[134, 63]
[134, 64]
[134, 65]
[134, 66]
[134, 67]
[134, 92]
[134, 93]
[134, 95]
[134, 104]
[134, 105]
[134, 106]
[134, 107]
[134, 135]
[134, 136]
[134, 137]
[134, 138]
[134, 139]
[134, 176]
[134, 177]
[134, 178]
[134, 179]
[134, 181]
[134, 183]
[134, 208]
[134, 209]
[134, 210]
[134, 211]
[134, 220]
[134, 221]
[134, 222]
[134, 223]
[135, 1]
[135, 2]
[135, 3]
[135, 4]
[135, 6]
[135, 7]
[135, 36]
[135, 37]
[135, 38]
[135, 39]
[135, 40]
[135, 41]
[135, 42]
[135, 43]
[135, 44]
[135, 45]
[135, 47]
[135, 60]
[135, 61]
[135, 62]
[135, 63]
[135, 64]
[135, 65]
[135, 91]
[135, 92]
[135, 93]
[135, 94]
[135, 104]
[135, 105]
[135, 106]
[135, 107]
[135, 134]
[135, 135]
[135, 136]
[135, 137]
[135, 138]
[135, 176]
[135, 177]
[135, 178]
[135, 179]
[135, 180]
[135, 208]
[135, 209]
[135, 210]
[135, 211]
[135, 221]
[135, 222]
[135, 223]
[135, 224]
[136, 2]
[136, 3]
[136, 4]
[136, 5]
[136, 6]
[136, 7]
[136, 8]
[136, 37]
[136, 38]
[136, 39]
[136, 40]
[136, 41]
[136, 42]
[136, 43]
[136, 45]
[136, 46]
[136, 47]
[136, 48]
[136, 58]
[136, 59]
[136, 60]
[136, 61]
[136, 62]
[136, 63]
[136, 64]
[136, 65]
[136, 66]
[136, 67]
[136, 91]
[136, 92]
[136, 93]
[136, 94]
[136, 95]
[136, 103]
[136, 104]
[136, 105]
[136, 106]
[136, 107]
[136, 132]
[136, 135]
[136, 136]
[136, 137]
[136, 138]
[136, 139]
[136, 176]
[136, 177]
[136, 178]
[136, 179]
[136, 208]
[136, 209]
[136, 210]
[136, 211]
[136, 220]
[136, 221]
[136, 222]
[136, 224]
[137, 1]
[137, 2]
[137, 4]
[137, 5]
[137, 6]
[137, 7]
[137, 36]
[137, 37]
[137, 38]
[137, 39]
[137, 40]
[137, 41]
[137, 42]
[137, 43]
[137, 44]
[137, 45]
[137, 46]
[137, 47]
[137, 48]
[137, 49]
[137, 50]
[137, 51]
[137, 52]
[137, 53]
[137, 54]
[137, 55]
[137, 56]
[137, 57]
[137, 58]
[137, 59]
[137, 60]
[137, 61]
[137, 62]
[137, 64]
[137, 65]
[137, 66]
[137, 67]
[137, 90]
[137, 91]
[137, 92]
[137, 93]
[137, 94]
[137, 95]
[137, 101]
[137, 102]
[137, 103]
[137, 104]
[137, 105]
[137, 106]
[137, 107]
[137, 132]
[137, 133]
[137, 134]
[137, 135]
[137, 136]
[137, 137]
[137, 139]
[137, 176]
[137, 177]
[137, 178]
[137, 179]
[137, 208]
[137, 209]
[137, 210]
[137, 220]
[137, 221]
[137, 222]
[137, 223]
[138, 0]
[138, 1]
[138, 2]
[138, 3]
[138, 5]
[138, 6]
[138, 7]
[138, 8]
[138, 36]
[138, 37]
[138, 41]
[138, 42]
[138, 43]
[138, 44]
[138, 45]
[138, 46]
[138, 47]
[138, 48]
[138, 49]
[138, 50]
[138, 51]
[138, 52]
[138, 53]
[138, 54]
[138, 55]
[138, 56]
[138, 57]
[138, 58]
[138, 59]
[138, 60]
[138, 61]
[138, 62]
[138, 63]
[138, 64]
[138, 65]
[138, 66]
[138, 89]
[138, 90]
[138, 92]
[138, 93]
[138, 94]
[138, 95]
[138, 100]
[138, 101]
[138, 103]
[138, 104]
[138, 105]
[138, 106]
[138, 107]
[138, 132]
[138, 133]
[138, 134]
[138, 135]
[138, 136]
[138, 138]
[138, 139]
[138, 176]
[138, 177]
[138, 178]
[138, 209]
[138, 210]
[138, 211]
[138, 220]
[138, 221]
[138, 222]
[138, 223]
[139, 0]
[139, 1]
[139, 2]
[139, 3]
[139, 4]
[139, 6]
[139, 7]
[139, 41]
[139, 44]
[139, 45]
[139, 46]
[139, 47]
[139, 48]
[139, 49]
[139, 50]
[139, 51]
[139, 52]
[139, 53]
[139, 54]
[139, 55]
[139, 56]
[139, 57]
[139, 58]
[139, 59]
[139, 60]
[139, 61]
[139, 89]
[139, 90]
[139, 91]
[139, 92]
[139, 93]
[139, 95]
[139, 100]
[139, 101]
[139, 102]
[139, 104]
[139, 106]
[139, 107]
[139, 132]
[139, 133]
[139, 135]
[139, 136]
[139, 176]
[139, 177]
[139, 178]
[139, 208]
[139, 209]
[139, 210]
[139, 211]
[139, 220]
[139, 221]
[139, 222]
[139, 223]
[140, 0]
[140, 1]
[140, 2]
[140, 3]
[140, 4]
[140, 5]
[140, 6]
[140, 7]
[140, 45]
[140, 46]
[140, 47]
[140, 48]
[140, 49]
[140, 50]
[140, 51]
[140, 52]
[140, 53]
[140, 54]
[140, 55]
[140, 56]
[140, 57]
[140, 59]
[140, 61]
[140, 62]
[140, 88]
[140, 89]
[140, 90]
[140, 91]
[140, 92]
[140, 93]
[140, 94]
[140, 95]
[140, 101]
[140, 102]
[140, 103]
[140, 104]
[140, 106]
[140, 107]
[140, 132]
[140, 133]
[140, 135]
[140, 136]
[140, 176]
[140, 177]
[140, 178]
[140, 179]
[140, 208]
[140, 209]
[140, 210]
[140, 211]
[140, 220]
[140, 221]
[140, 222]
[140, 223]
[141, 0]
[141, 1]
[141, 2]
[141, 3]
[141, 4]
[141, 5]
[141, 6]
[141, 7]
[141, 44]
[141, 46]
[141, 48]
[141, 51]
[141, 56]
[141, 57]
[141, 58]
[141, 59]
[141, 60]
[141, 61]
[141, 62]
[141, 88]
[141, 89]
[141, 90]
[141, 91]
[141, 94]
[141, 95]
[141, 100]
[141, 102]
[141, 103]
[141, 104]
[141, 105]
[141, 106]
[141, 107]
[141, 133]
[141, 134]
[141, 135]
[141, 136]
[141, 176]
[141, 177]
[141, 179]
[141, 206]
[141, 207]
[141, 208]
[141, 209]
[141, 210]
[141, 220]
[141, 221]
[141, 222]
[141, 223]
[142, 0]
[142, 2]
[142, 3]
[142, 5]
[142, 6]
[142, 7]
[142, 44]
[142, 45]
[142, 46]
[142, 47]
[142, 48]
[142, 49]
[142, 51]
[142, 56]
[142, 59]
[142, 88]
[142, 89]
[142, 90]
[142, 91]
[142, 92]
[142, 93]
[142, 94]
[142, 95]
[142, 100]
[142, 101]
[142, 102]
[142, 103]
[142, 105]
[142, 106]
[142, 107]
[142, 132]
[142, 133]
[142, 134]
[142, 135]
[142, 176]
[142, 177]
[142, 178]
[142, 179]
[142, 208]
[142, 209]
[142, 210]
[142, 211]
[142, 220]
[142, 221]
[142, 222]
[142, 223]
[143, 0]
[143, 1]
[143, 2]
[143, 3]
[143, 4]
[143, 5]
[143, 6]
[143, 7]
[143, 88]
[143, 89]
[143, 90]
[143, 91]
[143, 92]
[143, 100]
[143, 101]
[143, 102]
[143, 103]
[143, 104]
[143, 132]
[143, 133]
[143, 134]
[143, 135]
[143, 176]
[143, 177]
[143, 178]
[143, 179]
[143, 206]
[143, 207]
[143, 208]
[143, 209]
[143, 219]
[143, 220]
[143, 221]
[143, 222]
[143, 223]
[144, 0]
[144, 1]
[144, 2]
[144, 3]
[144, 4]
[144, 5]
[144, 6]
[144, 7]
[144, 88]
[144, 89]
[144, 90]
[144, 91]
[144, 100]
[144, 101]
[144, 102]
[144, 103]
[144, 132]
[144, 134]
[144, 135]
[144, 175]
[144, 176]
[144, 177]
[144, 178]
[144, 179]
[144, 204]
[144, 207]
[144, 208]
[144, 209]
[144, 210]
[144, 219]
[144, 220]
[144, 221]
[144, 223]
[145, 1]
[145, 4]
[145, 5]
[145, 6]
[145, 7]
[145, 88]
[145, 89]
[145, 90]
[145, 91]
[145, 100]
[145, 101]
[145, 102]
[145, 103]
[145, 104]
[145, 132]
[145, 133]
[145, 134]
[145, 135]
[145, 173]
[145, 174]
[145, 175]
[145, 176]
[145, 177]
[145, 178]
[145, 179]
[145, 204]
[145, 205]
[145, 206]
[145, 207]
[145, 208]
[145, 209]
[145, 211]
[145, 216]
[145, 217]
[145, 218]
[145, 219]
[145, 220]
[145, 221]
[145, 222]
[145, 223]
[146, 1]
[146, 3]
[146, 4]
[146, 5]
[146, 6]
[146, 7]
[146, 85]
[146, 86]
[146, 87]
[146, 88]
[146, 89]
[146, 90]
[146, 91]
[146, 100]
[146, 101]
[146, 102]
[146, 103]
[146, 132]
[146, 133]
[146, 134]
[146, 135]
[146, 172]
[146, 173]
[146, 175]
[146, 176]
[146, 177]
[146, 178]
[146, 179]
[146, 204]
[146, 206]
[146, 207]
[146, 208]
[146, 209]
[146, 210]
[146, 211]
[146, 216]
[146, 217]
[146, 218]
[146, 219]
[146, 220]
[146, 221]
[146, 222]
[147, 3]
[147, 4]
[147, 5]
[147, 6]
[147, 7]
[147, 85]
[147, 86]
[147, 88]
[147, 89]
[147, 90]
[147, 100]
[147, 101]
[147, 102]
[147, 103]
[147, 132]
[147, 133]
[147, 135]
[147, 172]
[147, 173]
[147, 174]
[147, 175]
[147, 176]
[147, 177]
[147, 178]
[147, 179]
[147, 204]
[147, 205]
[147, 206]
[147, 207]
[147, 208]
[147, 216]
[147, 217]
[147, 218]
[147, 219]
[147, 220]
[147, 221]
[147, 223]
[148, 5]
[148, 86]
[148, 87]
[148, 88]
[148, 89]
[148, 90]
[148, 91]
[148, 100]
[148, 101]
[148, 102]
[148, 103]
[148, 132]
[148, 133]
[148, 134]
[148, 172]
[148, 173]
[148, 174]
[148, 175]
[148, 176]
[148, 177]
[148, 178]
[148, 179]
[148, 204]
[148, 205]
[148, 207]
[148, 208]
[148, 216]
[148, 217]
[148, 218]
[148, 219]
[148, 220]
[148, 221]
[148, 222]
[148, 223]
[149, 4]
[149, 6]
[149, 7]
[149, 8]
[149, 9]
[149, 10]
[149, 11]
[149, 12]
[149, 13]
[149, 14]
[149, 15]
[149, 19]
[149, 84]
[149, 85]
[149, 87]
[149, 88]
[149, 89]
[149, 91]
[149, 100]
[149, 101]
[149, 102]
[149, 103]
[149, 133]
[149, 134]
[149, 135]
[149, 172]
[149, 173]
[149, 174]
[149, 175]
[149, 176]
[149, 178]
[149, 179]
[149, 205]
[149, 206]
[149, 207]
[149, 208]
[149, 217]
[149, 218]
[149, 219]
[149, 220]
[149, 223]
[150, 4]
[150, 5]
[150, 6]
[150, 7]
[150, 11]
[150, 12]
[150, 14]
[150, 15]
[150, 16]
[150, 84]
[150, 85]
[150, 86]
[150, 87]
[150, 88]
[150, 89]
[150, 90]
[150, 91]
[150, 100]
[150, 101]
[150, 102]
[150, 103]
[150, 131]
[150, 132]
[150, 133]
[150, 134]
[150, 135]
[150, 172]
[150, 173]
[150, 174]
[150, 175]
[150, 177]
[150, 178]
[150, 179]
[150, 204]
[150, 205]
[150, 206]
[150, 207]
[150, 216]
[150, 217]
[150, 218]
[150, 219]
[150, 220]
[150, 221]
[150, 222]
[151, 5]
[151, 6]
[151, 7]
[151, 8]
[151, 9]
[151, 10]
[151, 11]
[151, 12]
[151, 13]
[151, 14]
[151, 15]
[151, 17]
[151, 18]
[151, 19]
[151, 84]
[151, 85]
[151, 86]
[151, 87]
[151, 88]
[151, 100]
[151, 101]
[151, 103]
[151, 132]
[151, 133]
[151, 135]
[151, 172]
[151, 175]
[151, 204]
[151, 205]
[151, 206]
[151, 207]
[151, 217]
[151, 218]
[151, 219]
[152, 4]
[152, 5]
[152, 6]
[152, 7]
[152, 8]
[152, 9]
[152, 10]
[152, 11]
[152, 12]
[152, 13]
[152, 14]
[152, 15]
[152, 16]
[152, 84]
[152, 85]
[152, 86]
[152, 87]
[152, 100]
[152, 101]
[152, 102]
[152, 103]
[152, 131]
[152, 132]
[152, 133]
[152, 134]
[152, 135]
[152, 172]
[152, 173]
[152, 174]
[152, 175]
[152, 204]
[152, 206]
[152, 216]
[152, 217]
[152, 218]
[152, 219]
[153, 4]
[153, 5]
[153, 6]
[153, 7]
[153, 8]
[153, 9]
[153, 10]
[153, 11]
[153, 12]
[153, 13]
[153, 14]
[153, 15]
[153, 16]
[153, 17]
[153, 18]
[153, 19]
[153, 20]
[153, 21]
[153, 24]
[153, 29]
[153, 30]
[153, 32]
[153, 35]
[153, 76]
[153, 77]
[153, 78]
[153, 79]
[153, 80]
[153, 81]
[153, 82]
[153, 83]
[153, 84]
[153, 85]
[153, 86]
[153, 87]
[153, 97]
[153, 98]
[153, 99]
[153, 100]
[153, 101]
[153, 102]
[153, 103]
[153, 128]
[153, 129]
[153, 130]
[153, 132]
[153, 133]
[153, 134]
[153, 135]
[153, 172]
[153, 173]
[153, 174]
[153, 175]
[153, 204]
[153, 205]
[153, 206]
[153, 207]
[153, 215]
[153, 216]
[153, 217]
[153, 218]
[153, 219]
[154, 4]
[154, 7]
[154, 8]
[154, 9]
[154, 10]
[154, 11]
[154, 12]
[154, 13]
[154, 14]
[154, 15]
[154, 16]
[154, 17]
[154, 18]
[154, 19]
[154, 20]
[154, 21]
[154, 22]
[154, 23]
[154, 24]
[154, 25]
[154, 28]
[154, 31]
[154, 32]
[154, 33]
[154, 34]
[154, 35]
[154, 76]
[154, 77]
[154, 78]
[154, 79]
[154, 80]
[154, 82]
[154, 83]
[154, 84]
[154, 85]
[154, 86]
[154, 87]
[154, 97]
[154, 98]
[154, 99]
[154, 100]
[154, 101]
[154, 103]
[154, 128]
[154, 129]
[154, 130]
[154, 131]
[154, 132]
[154, 133]
[154, 134]
[154, 135]
[154, 172]
[154, 173]
[154, 174]
[154, 204]
[154, 205]
[154, 206]
[154, 207]
[154, 216]
[154, 217]
[154, 219]
[155, 4]
[155, 5]
[155, 7]
[155, 8]
[155, 9]
[155, 10]
[155, 11]
[155, 13]
[155, 14]
[155, 15]
[155, 16]
[155, 17]
[155, 18]
[155, 19]
[155, 20]
[155, 21]
[155, 22]
[155, 23]
[155, 24]
[155, 25]
[155, 26]
[155, 27]
[155, 28]
[155, 29]
[155, 30]
[155, 32]
[155, 33]
[155, 34]
[155, 35]
[155, 36]
[155, 76]
[155, 77]
[155, 79]
[155, 80]
[155, 81]
[155, 82]
[155, 83]
[155, 84]
[155, 85]
[155, 86]
[155, 87]
[155, 97]
[155, 99]
[155, 100]
[155, 101]
[155, 102]
[155, 103]
[155, 128]
[155, 129]
[155, 130]
[155, 131]
[155, 132]
[155, 134]
[155, 172]
[155, 173]
[155, 174]
[155, 175]
[155, 204]
[155, 205]
[155, 206]
[155, 207]
[155, 215]
[155, 216]
[155, 217]
[155, 218]
[156, 4]
[156, 5]
[156, 6]
[156, 8]
[156, 9]
[156, 11]
[156, 16]
[156, 17]
[156, 18]
[156, 19]
[156, 20]
[156, 21]
[156, 22]
[156, 23]
[156, 24]
[156, 25]
[156, 26]
[156, 27]
[156, 28]
[156, 29]
[156, 30]
[156, 31]
[156, 32]
[156, 33]
[156, 34]
[156, 35]
[156, 76]
[156, 77]
[156, 78]
[156, 79]
[156, 80]
[156, 81]
[156, 82]
[156, 83]
[156, 84]
[156, 85]
[156, 86]
[156, 87]
[156, 96]
[156, 97]
[156, 98]
[156, 99]
[156, 100]
[156, 101]
[156, 102]
[156, 103]
[156, 128]
[156, 129]
[156, 130]
[156, 131]
[156, 132]
[156, 135]
[156, 173]
[156, 174]
[156, 175]
[156, 204]
[156, 205]
[156, 206]
[156, 207]
[156, 213]
[156, 215]
[156, 216]
[156, 217]
[157, 4]
[157, 5]
[157, 6]
[157, 8]
[157, 9]
[157, 10]
[157, 11]
[157, 16]
[157, 17]
[157, 19]
[157, 22]
[157, 23]
[157, 24]
[157, 25]
[157, 26]
[157, 27]
[157, 28]
[157, 29]
[157, 30]
[157, 31]
[157, 32]
[157, 33]
[157, 34]
[157, 35]
[157, 36]
[157, 37]
[157, 38]
[157, 39]
[157, 41]
[157, 42]
[157, 43]
[157, 44]
[157, 45]
[157, 49]
[157, 50]
[157, 55]
[157, 67]
[157, 69]
[157, 70]
[157, 71]
[157, 73]
[157, 74]
[157, 75]
[157, 76]
[157, 77]
[157, 78]
[157, 79]
[157, 80]
[157, 81]
[157, 82]
[157, 83]
[157, 84]
[157, 85]
[157, 96]
[157, 97]
[157, 98]
[157, 99]
[157, 100]
[157, 101]
[157, 102]
[157, 103]
[157, 128]
[157, 129]
[157, 130]
[157, 131]
[157, 132]
[157, 134]
[157, 172]
[157, 173]
[157, 174]
[157, 175]
[157, 204]
[157, 205]
[157, 206]
[157, 212]
[157, 214]
[157, 215]
[157, 216]
[157, 218]
[158, 4]
[158, 5]
[158, 6]
[158, 7]
[158, 8]
[158, 9]
[158, 10]
[158, 16]
[158, 17]
[158, 18]
[158, 19]
[158, 20]
[158, 21]
[158, 22]
[158, 26]
[158, 27]
[158, 28]
[158, 29]
[158, 30]
[158, 31]
[158, 32]
[158, 33]
[158, 34]
[158, 35]
[158, 36]
[158, 37]
[158, 38]
[158, 39]
[158, 40]
[158, 41]
[158, 42]
[158, 48]
[158, 49]
[158, 50]
[158, 51]
[158, 52]
[158, 68]
[158, 70]
[158, 71]
[158, 72]
[158, 73]
[158, 74]
[158, 75]
[158, 76]
[158, 77]
[158, 78]
[158, 79]
[158, 80]
[158, 81]
[158, 82]
[158, 84]
[158, 87]
[158, 96]
[158, 97]
[158, 98]
[158, 99]
[158, 100]
[158, 101]
[158, 102]
[158, 103]
[158, 128]
[158, 129]
[158, 130]
[158, 131]
[158, 132]
[158, 134]
[158, 135]
[158, 172]
[158, 173]
[158, 174]
[158, 175]
[158, 203]
[158, 204]
[158, 205]
[158, 206]
[158, 207]
[158, 212]
[158, 213]
[158, 214]
[158, 215]
[158, 216]
[158, 217]
[158, 218]
[158, 219]
[159, 8]
[159, 9]
[159, 10]
[159, 11]
[159, 31]
[159, 32]
[159, 33]
[159, 34]
[159, 35]
[159, 36]
[159, 37]
[159, 38]
[159, 39]
[159, 40]
[159, 41]
[159, 42]
[159, 43]
[159, 44]
[159, 45]
[159, 46]
[159, 49]
[159, 50]
[159, 51]
[159, 53]
[159, 54]
[159, 55]
[159, 64]
[159, 67]
[159, 69]
[159, 70]
[159, 71]
[159, 72]
[159, 73]
[159, 74]
[159, 75]
[159, 76]
[159, 77]
[159, 78]
[159, 79]
[159, 80]
[159, 96]
[159, 97]
[159, 98]
[159, 99]
[159, 128]
[159, 129]
[159, 130]
[159, 131]
[159, 132]
[159, 172]
[159, 173]
[159, 175]
[159, 204]
[159, 205]
[159, 206]
[159, 207]
[159, 213]
[159, 214]
[159, 215]
[160, 8]
[160, 9]
[160, 10]
[160, 11]
[160, 33]
[160, 34]
[160, 35]
[160, 36]
[160, 37]
[160, 38]
[160, 39]
[160, 40]
[160, 41]
[160, 42]
[160, 43]
[160, 44]
[160, 45]
[160, 46]
[160, 47]
[160, 48]
[160, 49]
[160, 50]
[160, 51]
[160, 52]
[160, 67]
[160, 68]
[160, 69]
[160, 70]
[160, 71]
[160, 72]
[160, 73]
[160, 74]
[160, 75]
[160, 76]
[160, 77]
[160, 78]
[160, 79]
[160, 96]
[160, 97]
[160, 98]
[160, 99]
[160, 128]
[160, 129]
[160, 130]
[160, 131]
[160, 172]
[160, 173]
[160, 174]
[160, 203]
[160, 204]
[160, 205]
[160, 206]
[160, 207]
[160, 212]
[160, 213]
[160, 214]
[160, 215]
[160, 216]
[161, 8]
[161, 9]
[161, 10]
[161, 11]
[161, 12]
[161, 13]
[161, 14]
[161, 15]
[161, 32]
[161, 33]
[161, 34]
[161, 35]
[161, 36]
[161, 37]
[161, 38]
[161, 39]
[161, 40]
[161, 41]
[161, 42]
[161, 43]
[161, 44]
[161, 45]
[161, 46]
[161, 47]
[161, 48]
[161, 49]
[161, 50]
[161, 51]
[161, 52]
[161, 53]
[161, 54]
[161, 55]
[161, 56]
[161, 57]
[161, 58]
[161, 59]
[161, 60]
[161, 61]
[161, 62]
[161, 63]
[161, 64]
[161, 65]
[161, 66]
[161, 67]
[161, 68]
[161, 69]
[161, 70]
[161, 71]
[161, 72]
[161, 73]
[161, 74]
[161, 75]
[161, 76]
[161, 77]
[161, 78]
[161, 79]
[161, 96]
[161, 97]
[161, 98]
[161, 99]
[161, 128]
[161, 129]
[161, 130]
[161, 168]
[161, 171]
[161, 172]
[161, 173]
[161, 174]
[161, 175]
[161, 200]
[161, 201]
[161, 202]
[161, 204]
[161, 205]
[161, 206]
[161, 207]
[161, 212]
[161, 213]
[161, 214]
[161, 215]
[162, 8]
[162, 9]
[162, 10]
[162, 11]
[162, 12]
[162, 14]
[162, 32]
[162, 33]
[162, 36]
[162, 37]
[162, 40]
[162, 41]
[162, 42]
[162, 44]
[162, 45]
[162, 46]
[162, 48]
[162, 49]
[162, 50]
[162, 51]
[162, 52]
[162, 53]
[162, 54]
[162, 55]
[162, 56]
[162, 57]
[162, 58]
[162, 59]
[162, 60]
[162, 61]
[162, 62]
[162, 63]
[162, 64]
[162, 65]
[162, 66]
[162, 67]
[162, 68]
[162, 69]
[162, 70]
[162, 71]
[162, 72]
[162, 73]
[162, 74]
[162, 76]
[162, 77]
[162, 78]
[162, 79]
[162, 96]
[162, 97]
[162, 98]
[162, 99]
[162, 128]
[162, 130]
[162, 131]
[162, 171]
[162, 172]
[162, 173]
[162, 174]
[162, 175]
[162, 200]
[162, 201]
[162, 202]
[162, 203]
[162, 204]
[162, 205]
[162, 206]
[162, 207]
[162, 212]
[162, 213]
[162, 214]
[162, 215]
[163, 8]
[163, 9]
[163, 11]
[163, 12]
[163, 13]
[163, 14]
[163, 15]
[163, 48]
[163, 49]
[163, 50]
[163, 51]
[163, 52]
[163, 53]
[163, 54]
[163, 55]
[163, 56]
[163, 57]
[163, 58]
[163, 59]
[163, 60]
[163, 61]
[163, 62]
[163, 63]
[163, 64]
[163, 65]
[163, 66]
[163, 67]
[163, 68]
[163, 69]
[163, 70]
[163, 71]
[163, 96]
[163, 97]
[163, 98]
[163, 128]
[163, 129]
[163, 130]
[163, 131]
[163, 168]
[163, 169]
[163, 172]
[163, 173]
[163, 175]
[163, 200]
[163, 201]
[163, 202]
[163, 203]
[163, 204]
[163, 211]
[163, 212]
[163, 213]
[163, 214]
[164, 8]
[164, 9]
[164, 10]
[164, 11]
[164, 12]
[164, 13]
[164, 14]
[164, 15]
[164, 52]
[164, 53]
[164, 55]
[164, 56]
[164, 57]
[164, 58]
[164, 59]
[164, 60]
[164, 61]
[164, 62]
[164, 63]
[164, 64]
[164, 65]
[164, 66]
[164, 67]
[164, 68]
[164, 71]
[164, 97]
[164, 98]
[164, 99]
[164, 128]
[164, 129]
[164, 130]
[164, 169]
[164, 171]
[164, 172]
[164, 173]
[164, 174]
[164, 175]
[164, 200]
[164, 202]
[164, 203]
[164, 204]
[164, 206]
[164, 207]
[164, 211]
[164, 212]
[164, 213]
[164, 214]
[165, 8]
[165, 9]
[165, 10]
[165, 12]
[165, 13]
[165, 14]
[165, 15]
[165, 52]
[165, 53]
[165, 54]
[165, 55]
[165, 57]
[165, 58]
[165, 59]
[165, 60]
[165, 61]
[165, 62]
[165, 63]
[165, 64]
[165, 65]
[165, 68]
[165, 96]
[165, 97]
[165, 98]
[165, 99]
[165, 128]
[165, 129]
[165, 130]
[165, 131]
[165, 169]
[165, 170]
[165, 171]
[165, 172]
[165, 173]
[165, 174]
[165, 200]
[165, 201]
[165, 203]
[165, 206]
[165, 208]
[165, 209]
[165, 210]
[165, 211]
[165, 212]
[165, 213]
[165, 214]
[165, 215]
[166, 8]
[166, 9]
[166, 10]
[166, 12]
[166, 13]
[166, 14]
[166, 15]
[166, 54]
[166, 56]
[166, 59]
[166, 60]
[166, 61]
[166, 62]
[166, 63]
[166, 67]
[166, 68]
[166, 71]
[166, 96]
[166, 97]
[166, 98]
[166, 99]
[166, 129]
[166, 130]
[166, 131]
[166, 168]
[166, 169]
[166, 170]
[166, 171]
[166, 173]
[166, 174]
[166, 175]
[166, 201]
[166, 202]
[166, 203]
[166, 204]
[166, 207]
[166, 208]
[166, 209]
[166, 210]
[166, 211]
[166, 212]
[166, 213]
[166, 214]
[166, 215]
[167, 12]
[167, 13]
[167, 14]
[167, 15]
[167, 96]
[167, 97]
[167, 98]
[167, 99]
[167, 127]
[167, 128]
[167, 129]
[167, 130]
[167, 168]
[167, 169]
[167, 170]
[167, 171]
[167, 200]
[167, 201]
[167, 202]
[167, 203]
[167, 204]
[167, 208]
[167, 209]
[167, 210]
[167, 211]
[167, 213]
[168, 12]
[168, 13]
[168, 14]
[168, 15]
[168, 96]
[168, 97]
[168, 98]
[168, 127]
[168, 128]
[168, 129]
[168, 130]
[168, 131]
[168, 168]
[168, 169]
[168, 170]
[168, 171]
[168, 200]
[168, 201]
[168, 202]
[168, 208]
[168, 209]
[168, 210]
[168, 211]
[168, 212]
[169, 12]
[169, 13]
[169, 14]
[169, 15]
[169, 16]
[169, 18]
[169, 19]
[169, 96]
[169, 97]
[169, 98]
[169, 99]
[169, 100]
[169, 101]
[169, 103]
[169, 124]
[169, 125]
[169, 126]
[169, 127]
[169, 128]
[169, 129]
[169, 130]
[169, 131]
[169, 168]
[169, 169]
[169, 170]
[169, 171]
[169, 202]
[169, 204]
[169, 205]
[169, 206]
[169, 207]
[169, 208]
[169, 209]
[169, 210]
[169, 211]
[170, 12]
[170, 13]
[170, 14]
[170, 15]
[170, 16]
[170, 18]
[170, 95]
[170, 96]
[170, 97]
[170, 98]
[170, 99]
[170, 101]
[170, 102]
[170, 103]
[170, 125]
[170, 128]
[170, 129]
[170, 130]
[170, 131]
[170, 168]
[170, 169]
[170, 170]
[170, 171]
[170, 200]
[170, 201]
[170, 202]
[170, 203]
[170, 204]
[170, 205]
[170, 206]
[170, 207]
[170, 208]
[170, 209]
[170, 210]
[170, 211]
[170, 212]
[171, 12]
[171, 15]
[171, 16]
[171, 17]
[171, 18]
[171, 19]
[171, 95]
[171, 96]
[171, 97]
[171, 98]
[171, 99]
[171, 100]
[171, 101]
[171, 103]
[171, 124]
[171, 125]
[171, 126]
[171, 127]
[171, 128]
[171, 129]
[171, 130]
[171, 131]
[171, 168]
[171, 169]
[171, 170]
[171, 200]
[171, 201]
[171, 202]
[171, 203]
[171, 204]
[171, 205]
[171, 206]
[171, 207]
[171, 208]
[171, 209]
[171, 210]
[171, 211]
[172, 12]
[172, 13]
[172, 14]
[172, 15]
[172, 16]
[172, 17]
[172, 18]
[172, 19]
[172, 95]
[172, 96]
[172, 97]
[172, 98]
[172, 99]
[172, 100]
[172, 101]
[172, 102]
[172, 103]
[172, 124]
[172, 125]
[172, 126]
[172, 127]
[172, 128]
[172, 129]
[172, 130]
[172, 131]
[172, 168]
[172, 169]
[172, 170]
[172, 200]
[172, 201]
[172, 202]
[172, 203]
[172, 204]
[172, 205]
[172, 206]
[172, 207]
[172, 208]
[172, 209]
[172, 210]
[172, 211]
[173, 12]
[173, 13]
[173, 16]
[173, 17]
[173, 18]
[173, 20]
[173, 22]
[173, 95]
[173, 96]
[173, 97]
[173, 98]
[173, 99]
[173, 100]
[173, 101]
[173, 102]
[173, 103]
[173, 104]
[173, 105]
[173, 106]
[173, 107]
[173, 109]
[173, 111]
[173, 112]
[173, 113]
[173, 114]
[173, 115]
[173, 118]
[173, 119]
[173, 120]
[173, 121]
[173, 122]
[173, 125]
[173, 126]
[173, 127]
[173, 128]
[173, 130]
[173, 131]
[173, 168]
[173, 169]
[173, 170]
[173, 171]
[173, 200]
[173, 201]
[173, 203]
[173, 204]
[173, 205]
[173, 206]
[173, 207]
[173, 208]
[173, 210]
[174, 12]
[174, 14]
[174, 15]
[174, 16]
[174, 17]
[174, 18]
[174, 19]
[174, 20]
[174, 23]
[174, 96]
[174, 97]
[174, 98]
[174, 99]
[174, 100]
[174, 101]
[174, 102]
[174, 103]
[174, 104]
[174, 105]
[174, 106]
[174, 107]
[174, 108]
[174, 109]
[174, 110]
[174, 111]
[174, 112]
[174, 116]
[174, 117]
[174, 118]
[174, 119]
[174, 120]
[174, 124]
[174, 125]
[174, 126]
[174, 127]
[174, 128]
[174, 129]
[174, 130]
[174, 131]
[174, 168]
[174, 169]
[174, 170]
[174, 171]
[174, 201]
[174, 202]
[174, 203]
[174, 205]
[174, 206]
[174, 207]
[174, 209]
[174, 210]
[174, 211]
[175, 16]
[175, 17]
[175, 18]
[175, 19]
[175, 20]
[175, 23]
[175, 100]
[175, 101]
[175, 102]
[175, 103]
[175, 104]
[175, 105]
[175, 106]
[175, 107]
[175, 108]
[175, 109]
[175, 110]
[175, 111]
[175, 112]
[175, 113]
[175, 114]
[175, 115]
[175, 116]
[175, 118]
[175, 119]
[175, 120]
[175, 121]
[175, 123]
[175, 124]
[175, 125]
[175, 126]
[175, 127]
[175, 128]
[175, 168]
[175, 169]
[175, 170]
[175, 171]
[175, 199]
[175, 200]
[175, 201]
[175, 202]
[175, 204]
[175, 205]
[175, 206]
[175, 207]
[175, 208]
[176, 16]
[176, 17]
[176, 18]
[176, 19]
[176, 20]
[176, 22]
[176, 23]
[176, 101]
[176, 103]
[176, 105]
[176, 106]
[176, 107]
[176, 108]
[176, 109]
[176, 110]
[176, 111]
[176, 112]
[176, 113]
[176, 114]
[176, 115]
[176, 116]
[176, 117]
[176, 118]
[176, 119]
[176, 120]
[176, 121]
[176, 124]
[176, 126]
[176, 127]
[176, 128]
[176, 168]
[176, 169]
[176, 170]
[176, 171]
[176, 199]
[176, 200]
[176, 201]
[176, 202]
[176, 203]
[176, 204]
[176, 205]
[176, 206]
[177, 16]
[177, 17]
[177, 19]
[177, 20]
[177, 21]
[177, 22]
[177, 23]
[177, 100]
[177, 102]
[177, 103]
[177, 104]
[177, 105]
[177, 106]
[177, 107]
[177, 108]
[177, 109]
[177, 110]
[177, 111]
[177, 112]
[177, 113]
[177, 114]
[177, 115]
[177, 116]
[177, 117]
[177, 118]
[177, 119]
[177, 120]
[177, 121]
[177, 122]
[177, 123]
[177, 124]
[177, 125]
[177, 126]
[177, 168]
[177, 169]
[177, 170]
[177, 171]
[177, 196]
[177, 197]
[177, 198]
[177, 199]
[177, 200]
[177, 201]
[177, 202]
[177, 203]
[177, 204]
[177, 205]
[177, 206]
[177, 207]
[178, 16]
[178, 17]
[178, 18]
[178, 19]
[178, 20]
[178, 21]
[178, 22]
[178, 23]
[178, 101]
[178, 103]
[178, 104]
[178, 107]
[178, 108]
[178, 110]
[178, 112]
[178, 113]
[178, 114]
[178, 115]
[178, 116]
[178, 117]
[178, 118]
[178, 119]
[178, 120]
[178, 121]
[178, 122]
[178, 123]
[178, 124]
[178, 125]
[178, 126]
[178, 127]
[178, 167]
[178, 168]
[178, 169]
[178, 170]
[178, 171]
[178, 196]
[178, 197]
[178, 200]
[178, 201]
[178, 202]
[178, 203]
[178, 204]
[178, 205]
[178, 206]
[178, 207]
[179, 20]
[179, 21]
[179, 22]
[179, 23]
[179, 117]
[179, 118]
[179, 119]
[179, 120]
[179, 121]
[179, 122]
[179, 123]
[179, 124]
[179, 125]
[179, 126]
[179, 127]
[179, 167]
[179, 168]
[179, 169]
[179, 170]
[179, 171]
[179, 196]
[179, 197]
[179, 198]
[179, 199]
[179, 200]
[179, 201]
[179, 202]
[179, 203]
[179, 204]
[180, 20]
[180, 21]
[180, 22]
[180, 23]
[180, 120]
[180, 121]
[180, 122]
[180, 123]
[180, 124]
[180, 125]
[180, 126]
[180, 167]
[180, 168]
[180, 170]
[180, 171]
[180, 196]
[180, 197]
[180, 199]
[180, 200]
[180, 201]
[180, 202]
[180, 203]
[180, 204]
[180, 205]
[180, 206]
[180, 207]
[181, 20]
[181, 21]
[181, 22]
[181, 23]
[181, 24]
[181, 25]
[181, 26]
[181, 27]
[181, 120]
[181, 122]
[181, 123]
[181, 124]
[181, 125]
[181, 126]
[181, 127]
[181, 164]
[181, 165]
[181, 166]
[181, 167]
[181, 168]
[181, 169]
[181, 196]
[181, 197]
[181, 198]
[181, 199]
[181, 200]
[181, 201]
[181, 202]
[181, 203]
[181, 204]
[181, 205]
[181, 206]
[181, 207]
[182, 20]
[182, 21]
[182, 22]
[182, 23]
[182, 24]
[182, 25]
[182, 27]
[182, 120]
[182, 121]
[182, 122]
[182, 123]
[182, 125]
[182, 126]
[182, 127]
[182, 164]
[182, 165]
[182, 166]
[182, 167]
[182, 168]
[182, 169]
[182, 170]
[182, 171]
[182, 196]
[182, 197]
[182, 198]
[182, 199]
[182, 200]
[182, 201]
[182, 202]
[182, 203]
[182, 204]
[182, 205]
[182, 206]
[183, 23]
[183, 24]
[183, 25]
[183, 26]
[183, 164]
[183, 165]
[183, 166]
[183, 167]
[183, 168]
[183, 169]
[183, 170]
[183, 196]
[183, 198]
[183, 199]
[183, 200]
[183, 201]
[183, 202]
[183, 203]
[184, 20]
[184, 21]
[184, 22]
[184, 24]
[184, 25]
[184, 26]
[184, 27]
[184, 164]
[184, 165]
[184, 167]
[184, 169]
[184, 170]
[184, 171]
[184, 196]
[184, 197]
[184, 198]
[184, 199]
[184, 200]
[184, 201]
[184, 202]
[184, 203]
[185, 20]
[185, 21]
[185, 22]
[185, 23]
[185, 24]
[185, 25]
[185, 26]
[185, 27]
[185, 29]
[185, 30]
[185, 31]
[185, 165]
[185, 167]
[185, 168]
[185, 169]
[185, 171]
[185, 172]
[185, 175]
[185, 196]
[185, 197]
[185, 198]
[185, 199]
[185, 201]
[185, 202]
[186, 21]
[186, 22]
[186, 23]
[186, 24]
[186, 25]
[186, 26]
[186, 27]
[186, 28]
[186, 29]
[186, 30]
[186, 31]
[186, 164]
[186, 165]
[186, 166]
[186, 167]
[186, 168]
[186, 169]
[186, 170]
[186, 171]
[186, 172]
[186, 196]
[186, 197]
[186, 198]
[186, 199]
[186, 200]
[186, 201]
[186, 202]
[186, 203]
[187, 24]
[187, 25]
[187, 26]
[187, 27]
[187, 28]
[187, 29]
[187, 30]
[187, 165]
[187, 166]
[187, 167]
[187, 168]
[187, 169]
[187, 170]
[187, 172]
[187, 173]
[187, 174]
[187, 198]
[188, 24]
[188, 25]
[188, 26]
[188, 27]
[188, 28]
[188, 29]
[188, 30]
[188, 31]
[188, 164]
[188, 166]
[188, 167]
[188, 168]
[188, 169]
[188, 170]
[188, 171]
[188, 172]
[189, 24]
[189, 25]
[189, 26]
[189, 28]
[189, 29]
[189, 30]
[189, 31]
[189, 33]
[189, 34]
[189, 35]
[189, 165]
[189, 166]
[189, 167]
[189, 168]
[189, 169]
[189, 170]
[189, 171]
[189, 172]
[189, 173]
[189, 174]
[189, 175]
[189, 176]
[189, 177]
[189, 182]
[189, 183]
[189, 184]
[189, 185]
[189, 186]
[189, 188]
[189, 189]
[189, 190]
[189, 191]
[190, 24]
[190, 25]
[190, 26]
[190, 27]
[190, 28]
[190, 29]
[190, 30]
[190, 31]
[190, 32]
[190, 33]
[190, 34]
[190, 35]
[190, 164]
[190, 165]
[190, 166]
[190, 167]
[190, 168]
[190, 169]
[190, 170]
[190, 171]
[190, 172]
[190, 173]
[190, 174]
[190, 175]
[190, 176]
[190, 177]
[190, 178]
[190, 179]
[190, 180]
[190, 181]
[190, 183]
[190, 184]
[190, 190]
[190, 191]
[191, 28]
[191, 29]
[191, 30]
[191, 31]
[191, 32]
[191, 33]
[191, 34]
[191, 35]
[191, 169]
[191, 170]
[191, 171]
[191, 172]
[191, 173]
[191, 174]
[191, 175]
[191, 176]
[191, 177]
[191, 178]
[191, 179]
[191, 180]
[191, 181]
[191, 182]
[191, 183]
[191, 184]
[191, 185]
[191, 186]
[191, 190]
[191, 191]
[192, 28]
[192, 29]
[192, 30]
[192, 31]
[192, 32]
[192, 33]
[192, 34]
[192, 35]
[192, 172]
[192, 173]
[192, 174]
[192, 175]
[192, 176]
[192, 177]
[192, 178]
[192, 179]
[192, 180]
[192, 181]
[192, 182]
[192, 183]
[192, 184]
[192, 185]
[192, 186]
[192, 187]
[192, 188]
[192, 189]
[192, 190]
[192, 191]
[193, 29]
[193, 30]
[193, 32]
[193, 33]
[193, 34]
[193, 35]
[193, 36]
[193, 37]
[193, 38]
[193, 39]
[193, 172]
[193, 173]
[193, 174]
[193, 175]
[193, 176]
[193, 177]
[193, 178]
[193, 179]
[193, 180]
[193, 181]
[193, 182]
[193, 183]
[193, 184]
[193, 185]
[193, 186]
[193, 187]
[193, 188]
[193, 189]
[193, 190]
[194, 28]
[194, 29]
[194, 30]
[194, 31]
[194, 32]
[194, 33]
[194, 34]
[194, 35]
[194, 36]
[194, 37]
[194, 39]
[194, 172]
[194, 174]
[194, 175]
[194, 176]
[194, 178]
[194, 179]
[194, 180]
[194, 181]
[194, 182]
[194, 183]
[194, 184]
[194, 185]
[194, 186]
[194, 187]
[194, 188]
[194, 189]
[194, 190]
[194, 191]
[195, 33]
[195, 34]
[195, 35]
[195, 36]
[195, 37]
[195, 38]
[195, 39]
[195, 184]
[195, 185]
[195, 186]
[195, 187]
[195, 188]
[195, 189]
[195, 190]
[195, 191]
[196, 32]
[196, 33]
[196, 34]
[196, 35]
[196, 36]
[196, 37]
[196, 38]
[196, 39]
[196, 185]
[196, 186]
[196, 187]
[196, 188]
[196, 189]
[196, 190]
[197, 32]
[197, 33]
[197, 34]
[197, 36]
[197, 37]
[197, 38]
[197, 39]
[197, 40]
[197, 41]
[197, 42]
[197, 43]
[197, 180]
[197, 181]
[197, 182]
[197, 183]
[197, 184]
[197, 185]
[197, 186]
[197, 187]
[197, 188]
[197, 191]
[198, 32]
[198, 33]
[198, 34]
[198, 35]
[198, 36]
[198, 37]
[198, 38]
[198, 39]
[198, 41]
[198, 42]
[198, 43]
[198, 180]
[198, 182]
[198, 183]
[198, 185]
[198, 186]
[198, 187]
[198, 189]
[198, 190]
[198, 191]
[199, 38]
[199, 39]
[199, 40]
[199, 41]
[199, 42]
[199, 43]
[199, 181]
[199, 182]
[199, 183]
[199, 184]
[199, 185]
[199, 186]
[199, 187]
[200, 36]
[200, 37]
[200, 38]
[200, 39]
[200, 40]
[200, 41]
[200, 42]
[200, 43]
[200, 180]
[200, 181]
[200, 182]
[200, 183]
[200, 184]
[200, 185]
[200, 187]
[201, 36]
[201, 38]
[201, 39]
[201, 40]
[201, 41]
[201, 42]
[201, 43]
[201, 44]
[201, 45]
[201, 46]
[201, 49]
[201, 50]
[201, 51]
[201, 176]
[201, 177]
[201, 178]
[201, 180]
[201, 181]
[201, 182]
[201, 183]
[201, 184]
[201, 185]
[201, 186]
[201, 187]
[202, 36]
[202, 37]
[202, 38]
[202, 39]
[202, 41]
[202, 42]
[202, 43]
[202, 44]
[202, 45]
[202, 46]
[202, 47]
[202, 48]
[202, 49]
[202, 176]
[202, 177]
[202, 178]
[202, 179]
[202, 180]
[202, 181]
[202, 182]
[202, 183]
[202, 185]
[202, 187]
[203, 40]
[203, 41]
[203, 42]
[203, 43]
[203, 44]
[203, 45]
[203, 46]
[203, 47]
[203, 49]
[203, 50]
[203, 51]
[203, 176]
[203, 177]
[203, 178]
[203, 179]
[203, 180]
[203, 181]
[203, 182]
[203, 183]
[204, 40]
[204, 41]
[204, 42]
[204, 44]
[204, 45]
[204, 46]
[204, 47]
[204, 48]
[204, 49]
[204, 50]
[204, 175]
[204, 176]
[204, 177]
[204, 178]
[204, 179]
[204, 180]
[204, 182]
[204, 183]
[205, 40]
[205, 41]
[205, 42]
[205, 43]
[205, 44]
[205, 45]
[205, 46]
[205, 47]
[205, 48]
[205, 49]
[205, 50]
[205, 51]
[205, 52]
[205, 54]
[205, 55]
[205, 168]
[205, 169]
[205, 170]
[205, 172]
[205, 174]
[205, 175]
[205, 176]
[205, 177]
[205, 178]
[205, 179]
[205, 180]
[205, 181]
[205, 182]
[205, 183]
[206, 41]
[206, 42]
[206, 44]
[206, 45]
[206, 46]
[206, 47]
[206, 48]
[206, 49]
[206, 50]
[206, 51]
[206, 52]
[206, 53]
[206, 54]
[206, 55]
[206, 168]
[206, 169]
[206, 170]
[206, 171]
[206, 172]
[206, 173]
[206, 174]
[206, 175]
[206, 176]
[206, 177]
[206, 179]
[206, 182]
[206, 183]
[207, 48]
[207, 49]
[207, 50]
[207, 51]
[207, 52]
[207, 53]
[207, 54]
[207, 55]
[207, 168]
[207, 169]
[207, 170]
[207, 171]
[207, 172]
[207, 173]
[207, 174]
[207, 175]
[207, 176]
[207, 177]
[207, 178]
[207, 179]
[208, 48]
[208, 50]
[208, 51]
[208, 52]
[208, 53]
[208, 55]
[208, 168]
[208, 169]
[208, 170]
[208, 171]
[208, 172]
[208, 173]
[208, 174]
[208, 175]
[208, 176]
[208, 178]
[208, 179]
[209, 48]
[209, 49]
[209, 51]
[209, 52]
[209, 53]
[209, 54]
[209, 55]
[209, 56]
[209, 57]
[209, 59]
[209, 60]
[209, 61]
[209, 62]
[209, 161]
[209, 162]
[209, 165]
[209, 166]
[209, 167]
[209, 168]
[209, 169]
[209, 170]
[209, 171]
[209, 172]
[209, 173]
[209, 174]
[209, 175]
[209, 177]
[209, 178]
[209, 179]
[210, 48]
[210, 50]
[210, 52]
[210, 53]
[210, 54]
[210, 55]
[210, 56]
[210, 57]
[210, 58]
[210, 59]
[210, 60]
[210, 61]
[210, 162]
[210, 164]
[210, 165]
[210, 166]
[210, 167]
[210, 168]
[210, 169]
[210, 170]
[210, 171]
[210, 173]
[210, 174]
[210, 175]
[210, 177]
[210, 178]
[211, 52]
[211, 53]
[211, 54]
[211, 55]
[211, 56]
[211, 57]
[211, 58]
[211, 59]
[211, 60]
[211, 61]
[211, 63]
[211, 162]
[211, 163]
[211, 164]
[211, 165]
[211, 166]
[211, 167]
[211, 168]
[211, 169]
[211, 170]
[211, 171]
[212, 52]
[212, 53]
[212, 55]
[212, 56]
[212, 57]
[212, 58]
[212, 59]
[212, 60]
[212, 61]
[212, 62]
[212, 63]
[212, 160]
[212, 161]
[212, 162]
[212, 163]
[212, 164]
[212, 165]
[212, 166]
[212, 167]
[212, 168]
[212, 169]
[212, 170]
[212, 171]
[213, 52]
[213, 53]
[213, 54]
[213, 55]
[213, 56]
[213, 58]
[213, 59]
[213, 60]
[213, 61]
[213, 62]
[213, 63]
[213, 64]
[213, 65]
[213, 67]
[213, 68]
[213, 69]
[213, 70]
[213, 71]
[213, 152]
[213, 153]
[213, 155]
[213, 156]
[213, 157]
[213, 159]
[213, 160]
[213, 161]
[213, 162]
[213, 163]
[213, 164]
[213, 165]
[213, 166]
[213, 168]
[213, 169]
[213, 170]
[213, 171]
[214, 52]
[214, 53]
[214, 55]
[214, 57]
[214, 58]
[214, 60]
[214, 61]
[214, 62]
[214, 63]
[214, 64]
[214, 65]
[214, 66]
[214, 67]
[214, 68]
[214, 70]
[214, 71]
[214, 154]
[214, 156]
[214, 157]
[214, 158]
[214, 159]
[214, 160]
[214, 161]
[214, 162]
[214, 163]
[214, 164]
[214, 166]
[214, 167]
[214, 169]
[214, 170]
[214, 171]
[215, 61]
[215, 62]
[215, 63]
[215, 64]
[215, 65]
[215, 66]
[215, 67]
[215, 68]
[215, 69]
[215, 70]
[215, 153]
[215, 154]
[215, 155]
[215, 156]
[215, 157]
[215, 158]
[215, 159]
[215, 160]
[215, 161]
[215, 162]
[215, 163]
[216, 60]
[216, 61]
[216, 62]
[216, 63]
[216, 64]
[216, 65]
[216, 66]
[216, 67]
[216, 68]
[216, 69]
[216, 70]
[216, 71]
[216, 72]
[216, 152]
[216, 153]
[216, 154]
[216, 155]
[216, 156]
[216, 157]
[216, 158]
[216, 159]
[216, 160]
[216, 162]
[216, 163]
[217, 61]
[217, 62]
[217, 63]
[217, 64]
[217, 66]
[217, 67]
[217, 68]
[217, 69]
[217, 70]
[217, 71]
[217, 72]
[217, 73]
[217, 74]
[217, 75]
[217, 76]
[217, 77]
[217, 78]
[217, 79]
[217, 81]
[217, 82]
[217, 83]
[217, 140]
[217, 143]
[217, 144]
[217, 145]
[217, 146]
[217, 148]
[217, 150]
[217, 151]
[217, 152]
[217, 153]
[217, 154]
[217, 155]
[217, 156]
[217, 157]
[217, 158]
[217, 160]
[217, 162]
[217, 163]
[218, 60]
[218, 61]
[218, 62]
[218, 63]
[218, 64]
[218, 65]
[218, 66]
[218, 68]
[218, 69]
[218, 70]
[218, 71]
[218, 72]
[218, 73]
[218, 74]
[218, 75]
[218, 76]
[218, 77]
[218, 78]
[218, 79]
[218, 80]
[218, 81]
[218, 83]
[218, 140]
[218, 141]
[218, 142]
[218, 143]
[218, 144]
[218, 146]
[218, 147]
[218, 148]
[218, 149]
[218, 150]
[218, 151]
[218, 152]
[218, 153]
[218, 154]
[218, 155]
[218, 156]
[218, 158]
[218, 159]
[218, 160]
[218, 162]
[219, 68]
[219, 69]
[219, 70]
[219, 71]
[219, 72]
[219, 73]
[219, 74]
[219, 75]
[219, 76]
[219, 77]
[219, 78]
[219, 79]
[219, 80]
[219, 81]
[219, 82]
[219, 83]
[219, 140]
[219, 142]
[219, 143]
[219, 144]
[219, 145]
[219, 146]
[219, 147]
[219, 148]
[219, 149]
[219, 150]
[219, 151]
[219, 152]
[219, 153]
[219, 154]
[220, 68]
[220, 69]
[220, 70]
[220, 71]
[220, 72]
[220, 73]
[220, 74]
[220, 75]
[220, 76]
[220, 77]
[220, 78]
[220, 79]
[220, 80]
[220, 81]
[220, 82]
[220, 83]
[220, 84]
[220, 85]
[220, 139]
[220, 140]
[220, 141]
[220, 142]
[220, 143]
[220, 144]
[220, 145]
[220, 146]
[220, 147]
[220, 148]
[220, 149]
[220, 150]
[220, 151]
[220, 152]
[220, 153]
[220, 154]
[220, 155]
[221, 68]
[221, 69]
[221, 70]
[221, 71]
[221, 72]
[221, 73]
[221, 75]
[221, 76]
[221, 77]
[221, 78]
[221, 79]
[221, 80]
[221, 81]
[221, 82]
[221, 83]
[221, 84]
[221, 85]
[221, 86]
[221, 87]
[221, 88]
[221, 89]
[221, 91]
[221, 92]
[221, 93]
[221, 96]
[221, 105]
[221, 106]
[221, 107]
[221, 108]
[221, 110]
[221, 111]
[221, 119]
[221, 122]
[221, 123]
[221, 124]
[221, 126]
[221, 127]
[221, 128]
[221, 131]
[221, 132]
[221, 133]
[221, 134]
[221, 135]
[221, 136]
[221, 137]
[221, 138]
[221, 139]
[221, 140]
[221, 141]
[221, 142]
[221, 143]
[221, 144]
[221, 145]
[221, 146]
[221, 147]
[221, 148]
[221, 151]
[221, 152]
[221, 153]
[221, 154]
[221, 155]
[222, 68]
[222, 69]
[222, 70]
[222, 71]
[222, 72]
[222, 73]
[222, 74]
[222, 75]
[222, 76]
[222, 77]
[222, 79]
[222, 80]
[222, 81]
[222, 82]
[222, 83]
[222, 84]
[222, 85]
[222, 86]
[222, 87]
[222, 88]
[222, 89]
[222, 90]
[222, 91]
[222, 92]
[222, 93]
[222, 94]
[222, 95]
[222, 96]
[222, 98]
[222, 99]
[222, 100]
[222, 101]
[222, 102]
[222, 103]
[222, 104]
[222, 105]
[222, 108]
[222, 111]
[222, 114]
[222, 115]
[222, 116]
[222, 117]
[222, 118]
[222, 119]
[222, 120]
[222, 125]
[222, 126]
[222, 127]
[222, 129]
[222, 130]
[222, 131]
[222, 132]
[222, 133]
[222, 134]
[222, 135]
[222, 136]
[222, 137]
[222, 138]
[222, 139]
[222, 140]
[222, 141]
[222, 142]
[222, 143]
[222, 144]
[222, 145]
[222, 148]
[222, 149]
[222, 151]
[222, 152]
[222, 155]
[223, 80]
[223, 81]
[223, 82]
[223, 83]
[223, 84]
[223, 85]
[223, 86]
[223, 87]
[223, 88]
[223, 89]
[223, 90]
[223, 91]
[223, 92]
[223, 93]
[223, 94]
[223, 95]
[223, 96]
[223, 97]
[223, 98]
[223, 99]
[223, 100]
[223, 101]
[223, 102]
[223, 103]
[223, 104]
[223, 105]
[223, 106]
[223, 107]
[223, 108]
[223, 109]
[223, 110]
[223, 111]
[223, 112]
[223, 116]
[223, 119]
[223, 120]
[223, 121]
[223, 122]
[223, 123]
[223, 124]
[223, 125]
[223, 126]
[223, 127]
[223, 128]
[223, 129]
[223, 130]
[223, 131]
[223, 132]
[223, 133]
[223, 134]
[223, 135]
[223, 136]
[223, 137]
[223, 138]
[223, 139]
[223, 140]
[223, 141]
[223, 142]
[223, 143]
[223, 145]
[224, 80]
[224, 83]
[224, 85]
[224, 86]
[224, 87]
[224, 88]
[224, 89]
[224, 90]
[224, 91]
[224, 92]
[224, 93]
[224, 94]
[224, 95]
[224, 96]
[224, 97]
[224, 98]
[224, 99]
[224, 100]
[224, 101]
[224, 102]
[224, 103]
[224, 104]
[224, 105]
[224, 106]
[224, 107]
[224, 108]
[224, 109]
[224, 110]
[224, 111]
[224, 113]
[224, 114]
[224, 115]
[224, 116]
[224, 117]
[224, 118]
[224, 119]
[224, 120]
[224, 121]
[224, 122]
[224, 123]
[224, 124]
[224, 125]
[224, 126]
[224, 127]
[224, 128]
[224, 129]
[224, 130]
[224, 131]
[224, 132]
[224, 133]
[224, 134]
[224, 135]
[224, 136]
[224, 137]
[224, 138]
[224, 140]
[224, 141]
[224, 142]
[224, 143]
